105 0 0
0 0 245
700 406 700
700 77 700
630 700 700
700 700 238
700 21 0
0 0 420
462 0 700
0 700 455
168 700 0
518 0 0
119 0 700
700 336 700
700 371 0
98 700 0
602 700 700
700 168 700
700 126 700
665 700 0
504 700 0
700 700 350
700 0 119
462 700 700
427 0 0
0 56 0
497 700 0
700 0 539
0 0 588
602 0 700
0 119 0
0 700 294
343 0 0
0 497 700
700 567 0
700 665 700
56 0 0
700 0 189
574 700 0
623 0 0
0 0 623
700 259 700
700 518 0
0 539 700
154 700 700
700 0 343
658 0 700
0 0 287
700 700 448
455 700 0
0 0 364
70 700 700
0 700 518
700 350 0
0 0 504
700 0 413
399 700 700
700 700 42
0 322 0
392 700 700
0 0 693
70 700 0
0 700 441
0 0 63
567 700 0
700 0 441
294 0 0
700 700 511
0 0 672
406 700 0
700 700 588
0 595 0
574 0 0
63 0 700
364 700 0
700 700 532
0 700 651
0 350 700
700 42 0
7 700 700
0 700 546
700 434 700
700 0 651
336 0 700
700 266 700
483 0 0
280 700 700
182 0 700
700 700 35
700 343 0
546 700 0
140 700 0
700 0 105
0 0 7
112 0 0
518 700 0
700 0 56
0 280 700
700 700 105
0 0 147
700 322 0
700 0 210
700 315 0
0 0 224
217 700 0
0 700 343
0 700 511
0 140 0
0 623 700
0 378 0
0 700 364
700 539 0
0 525 700
700 0 560
595 0 700
700 700 175
0 700 252
637 700 700
0 665 700
700 525 700
700 0 280
0 497 0
700 252 0
434 0 0
0 567 700
469 0 700
119 700 0
609 0 700
700 581 700
0 0 630
350 0 0
0 700 588
686 700 700
0 700 168
700 35 700
630 0 0
0 700 371
0 644 700
378 700 700
672 700 0
0 0 525
357 0 0
427 700 700
469 700 0
343 0 700
0 0 665
700 0 126
700 700 497
511 700 0
0 700 574
0 308 0
700 63 0
0 700 595
0 700 28
700 700 385
490 0 700
0 0 301
700 14 0
532 700 0
700 700 602
700 238 700
700 595 700
700 182 0
301 0 0
700 294 700
56 0 700
700 133 0
581 0 0
700 21 700
0 574 700
700 364 700
700 483 0
700 0 574
392 0 700
0 0 77
0 700 133
0 0 511
0 700 238
700 700 525
0 700 448
504 700 700
0 0 217
490 0 0
259 0 700
665 0 700
84 0 700
0 0 595
700 336 0
189 700 0
329 700 700
0 0 679
0 231 0
0 462 0
700 679 0
0 511 0
0 700 637
0 0 385
0 700 462
0 630 0
140 0 700
0 0 371
483 700 0
532 0 0
0 700 98
700 700 504
700 630 700
0 406 0
0 0 455
700 532 0
700 0 14
700 469 700
700 0 147
0 0 161
700 700 658
700 357 700
0 560 700
413 700 0
581 700 0
0 700 301
700 189 700
0 455 0
21 700 0
0 700 322
532 0 700
700 700 7
700 700 567
700 0 623
700 0 217
0 0 231
0 336 0
637 0 0
259 700 700
497 0 700
0 700 245
315 700 0
336 0 0
0 700 525
700 154 0
469 0 0
700 427 700
0 0 329
700 700 644
133 700 700
567 700 700
0 455 700
595 700 700
700 700 371
700 56 0
700 455 0
0 483 700
0 301 700
0 700 469
581 700 700
700 0 63
700 0 553
672 0 0
399 0 0
0 217 700
308 0 0
700 700 245
700 357 0
0 476 0
700 700 322
588 0 0
0 679 700
679 700 0
0 546 700
441 0 0
385 700 700
0 490 0
203 700 700
420 0 700
700 651 0
700 686 700
700 0 287
700 700 308
665 700 700
0 581 700
700 84 0
301 700 700
700 273 0
497 0 0
0 154 0
700 616 700
98 700 700
700 553 0
0 0 14
70 0 700
0 700 175
700 0 434
700 700 462
0 0 154
322 0 0
154 0 700
0 210 700
0 700 532
700 623 700
0 686 0
112 700 0
539 0 0
0 616 0
0 70 0
175 0 0
700 0 672
490 700 0
392 0 0
105 700 0
0 434 700
0 105 700
700 539 700
693 700 700
364 700 700
273 0 700
0 693 700
700 133 700
0 420 0
700 175 0
0 686 700
0 700 35
448 0 0
0 574 0
0 140 700
700 700 392
700 161 0
364 0 0
0 700 378
0 700 196
700 182 700
700 700 595
0 0 532
0 700 686
700 700 441
700 28 0
0 0 609
238 0 700
0 700 259
700 112 700
700 378 0
140 700 700
21 0 700
700 0 154
0 672 700
700 700 665
700 329 0
0 546 0
231 0 700
0 700 182
700 497 0
0 0 308
700 91 700
0 595 700
700 448 0
0 126 0
119 700 700
504 0 700
0 0 105
315 0 0
700 700 112
350 0 700
700 644 700
700 525 0
0 700 406
231 0 0
0 0 84
434 0 700
700 693 0
700 700 476
245 700 700
686 0 700
91 0 700
392 700 0
700 700 182
700 644 0
0 203 700
700 700 259
700 0 21
504 0 0
0 259 700
413 700 700
0 98 0
0 329 0
84 700 0
700 259 0
147 0 700
700 700 252
0 406 700
700 700 231
700 700 329
700 700 469
77 700 0
0 700 420
266 0 0
0 700 105
0 602 0
700 0 371
0 287 0
546 0 0
700 196 700
182 0 0
700 700 399
308 0 700
371 700 0
0 56 700
161 700 700
0 0 168
0 518 0
700 301 700
700 700 518
700 371 700
700 42 700
672 700 700
77 700 700
560 700 700
700 168 0
0 700 329
126 700 700
511 0 700
700 0 112
700 700 483
574 0 700
0 273 700
0 0 238
371 0 0
168 700 700
700 0 357
294 700 0
0 259 0
658 700 0
700 469 0
0 252 700
0 0 378
658 0 0
700 700 315
35 0 700
0 616 700
700 0 133
0 700 315
133 0 0
700 574 700
203 700 0
0 532 0
0 7 700
525 700 0
0 469 700
700 672 700
700 0 581
0 0 546
602 0 0
0 644 0
0 350 0
0 700 476
700 462 700
700 700 616
700 0 91
0 700 308
700 518 700
0 700 112
0 175 700
0 700 539
336 700 700
700 0 455
0 700 203
427 0 700
252 0 700
0 0 322
595 700 0
252 700 700
238 0 0
693 0 700
420 700 0
700 700 49
0 700 336
700 0 224
700 581 0
0 49 700
0 84 0
0 0 21
700 224 700
700 700 672
0 0 98
266 0 700
700 700 119
700 56 700
700 0 630
91 700 0
700 700 196
0 434 0
700 189 0
700 700 427
700 637 700
273 0 0
700 140 0
700 700 189
700 700 0
189 0 0
700 700 266
700 700 651
350 700 700
700 0 448
700 147 700
0 700 42
567 0 700
672 0 700
0 294 700
0 0 399
161 0 700
0 154 700
525 0 700
147 700 700
0 560 0
0 238 0
0 0 539
700 686 0
0 0 616
0 532 700
63 700 700
700 532 700
301 700 0
0 700 266
0 0 448
42 700 700
700 0 490
0 518 700
0 0 175
448 0 700
126 0 700
140 0 0
553 0 0
0 700 189
700 0 7
0 0 315
609 700 0
210 700 0
287 700 700
658 700 700
700 0 700
700 0 693
245 0 700
651 700 0
0 665 0
700 455 700
700 0 518
700 490 0
329 0 0
700 154 700
28 0 700
0 700 413
0 0 91
133 700 0
700 210 700
623 700 0
644 0 700
245 0 0
238 700 0
511 700 700
700 84 700
0 700 49
700 560 700
0 0 483
322 0 700
0 224 700
357 700 700
0 0 259
700 511 0
7 0 0
700 0 98
700 462 0
455 0 700
0 700 273
700 609 700
0 308 700
441 0 700
595 0 0
700 413 700
700 0 602
49 700 700
700 0 483
280 0 0
700 7 700
0 0 35
0 0 469
329 700 0
700 700 56
700 0 567
196 0 0
700 700 133
0 273 0
700 700 28
700 350 700
259 0 0
0 301 0
273 700 700
700 700 126
700 0 637
700 98 0
0 700 119
0 0 686
189 0 700
553 700 700
700 0 385
700 0 77
630 700 0
0 161 700
700 161 700
0 602 700
182 700 0
700 140 700
0 700 140
700 0 588
0 77 0
700 294 0
147 0 0
0 0 553
0 700 399
581 0 700
476 700 0
700 14 700
63 0 0
0 196 0
0 427 0
0 84 700
700 595 0
700 70 700
700 0 231
700 476 0
525 0 0
0 189 700
700 700 336
0 0 574
700 693 700
420 700 700
42 0 700
0 700 147
0 280 0
700 63 700
0 700 0
399 700 0
700 0 168
700 0 301
14 700 0
315 0 700
252 0 0
700 700 406
700 0 315
0 0 182
700 0 504
0 0 28
0 700 609
0 126 700
0 553 0
308 700 0
0 7 0
700 679 700
28 700 700
14 0 0
700 329 700
700 0 525
700 0 658
0 672 0
700 0 686
700 119 0
651 700 700
700 504 0
700 700 553
322 700 700
700 245 700
700 420 700
700 70 0
700 700 623
483 0 700
0 252 0
700 672 0
203 0 0
0 168 700
469 700 700
0 245 0
217 700 700
518 700 700
0 420 700
700 399 700
0 700 70
119 0 0
0 0 406
161 700 0
203 0 700
196 700 700
0 630 700
700 700 70
0 105 0
294 700 700
700 266 0
0 462 700
0 287 700
700 700 679
700 343 700
700 434 0
539 0 700
0 343 700
0 14 700
700 700 63
196 700 0
490 700 700
700 385 0
700 700 140
700 98 700
0 63 0
700 0 616
0 448 700
700 0 322
448 700 700
154 0 0
0 700 217
700 553 700
700 616 0
0 182 0
0 413 0
700 658 0
70 0 0
0 700 483
0 609 700
700 0 392
91 700 700
651 0 700
476 0 700
700 700 560
0 693 0
679 700 700
0 35 0
0 266 0
28 700 0
49 700 0
0 490 700
0 700 56
644 700 0
217 0 700
0 112 700
700 0 42
574 700 700
0 385 0
700 91 0
0 0 266
0 0 700
0 539 0
700 448 700
700 0 238
686 0 0
616 0 700
357 700 0
700 105 700
700 280 700
21 0 0
700 210 0
0 700 280
0 119 700
0 658 0
0 504 0
0 91 700
0 679 0
0 0 42
700 112 0
700 287 0
700 399 0
700 49 700
0 196 700
329 0 700
700 0 462
700 700 630
700 0 595
0 28 700
210 0 0
700 406 0
343 700 0
700 175 700
0 700 210
126 0 0
616 0 0
700 560 0
700 231 700
0 700 126
0 0 252
0 91 0
700 308 0
700 700 378
525 700 700
560 700 0
0 700 693
700 497 700
0 700 7
700 700 434
77 0 700
0 210 0
0 441 0
700 609 0
322 700 0
700 0 35
700 0 609
0 700 350
7 0 700
0 0 560
161 0 0
175 700 0
196 0 700
700 0 511
700 700 77
700 490 700
700 0 364
77 0 0
0 357 0
0 0 196
700 700 693
700 546 700
700 0 259
588 700 700
385 700 0
623 700 700
0 700 392
0 700 154
679 0 700
0 0 336
553 0 700
0 21 0
0 700 602
700 231 0
399 0 700
0 364 0
0 147 700
0 245 700
700 308 700
700 0 329
0 399 700
35 700 700
693 700 0
287 700 0
700 28 700
0 294 0
0 700 616
700 665 0
0 0 112
700 287 700
679 0 0
224 700 0
700 574 0
700 427 0
700 700 210
28 0 0
441 700 700
602 700 0
0 392 700
700 700 273
700 0 175
406 0 700
700 483 700
700 700 280
518 0 700
147 700 0
700 280 0
357 0 700
0 175 0
0 336 700
217 0 0
700 630 0
0 112 0
0 700 77
630 0 700
0 441 700
0 0 413
98 0 700
700 441 700
0 35 700
0 0 490
700 0 399
56 700 0
0 700 644
231 700 700
700 0 546
133 0 700
434 700 0
350 700 0
0 0 343
280 0 700
700 700 581
700 0 294
0 637 0
0 700 63
0 0 518
0 0 189
441 700 0
0 700 665
700 0 308
126 700 0
700 602 0
0 231 700
700 602 700
455 0 0
0 63 700
210 0 700
0 49 0
168 0 0
700 203 0
406 700 700
532 700 700
0 651 0
0 700 490
0 133 700
616 700 700
0 343 0
700 700 539
0 700 287
84 0 0
546 0 700
700 0 532
546 700 700
700 105 0
0 315 0
266 700 0
7 700 0
700 0 84
0 658 700
700 700 14
0 42 700
700 224 0
0 0 133
385 0 0
0 0 567
0 700 84
0 98 700
0 0 273
700 700 343
406 0 0
700 301 0
294 0 700
371 0 700
700 700 700
700 0 266
252 700 0
700 119 700
0 266 700
616 700 0
0 203 0
35 0 0
700 420 0
0 322 700
700 700 574
245 700 0
700 700 420
0 0 49
539 700 700
0 238 700
224 0 700
413 0 700
665 0 0
700 0 378
700 35 0
0 224 0
700 700 147
0 504 700
0 182 700
0 700 553
700 0 196
511 0 0
308 700 700
0 700 497
154 700 0
0 0 119
224 0 0
427 700 0
0 0 651
700 658 700
0 0 441
700 700 217
623 0 700
700 0 350
637 700 0
700 700 294
371 700 700
700 700 224
0 14 0
700 252 700
0 700 700
0 623 0
0 700 14
700 476 700
700 700 287
0 427 700
0 133 0
700 700 364
0 371 0
700 126 0
700 700 455
378 0 700
700 0 420
0 0 602
700 77 0
700 700 357
693 0 0
0 329 700
476 700 700
462 0 0
700 245 0
700 700 546
0 371 700
700 385 700
112 0 700
539 700 0
0 511 700
700 0 497
700 196 0
700 0 245
0 0 203
0 700 560
0 0 637
0 70 700
91 0 0
0 0 476
280 700 0
105 700 700
700 700 413
0 588 0
700 273 700
168 0 700
0 700 427
273 700 0
14 0 700
700 441 0
84 700 700
700 623 0
700 0 469
700 700 609
700 392 0
287 0 700
588 700 0
700 700 490
413 0 0
700 0 644
0 700 224
700 7 0
14 700 700
0 399 0
0 476 700
0 700 21
686 700 0
0 189 0
560 0 700
0 0 581
56 700 700
42 0 0
700 651 700
0 637 700
700 700 637
700 0 203
700 511 700
0 700 630
700 378 700
0 42 0
0 77 700
700 567 700
0 0 357
700 700 21
609 0 0
266 700 700
35 700 0
497 700 700
0 161 0
0 392 0
0 0 497
0 609 0
700 588 700
700 700 84
182 700 700
0 21 700
700 364 0
700 700 161
644 0 0
0 700 434
175 0 700
224 700 700
700 217 0
700 0 70
700 700 686
0 357 700
364 0 700
700 700 154
700 203 700
0 651 700
0 700 91
175 700 700
700 0 336
637 0 700
0 0 392
105 0 700
0 700 679
0 700 658
0 0 644
21 700 700
434 700 700
462 700 0
700 700 301
700 413 0
700 0 28
0 581 0
112 700 700
98 0 0
0 168 0
609 700 700
700 0 182
0 0 140
700 0 161
0 217 0
0 448 0
700 147 0
343 700 700
700 504 700
700 217 700
0 0 280
0 700 357
560 0 0
700 0 665
231 700 0
700 0 252
189 700 700
0 0 427
700 49 0
420 0 0
238 700 700
700 0 406
700 0 0
0 0 350
588 0 700
0 700 231
700 322 700
49 0 0
553 700 0
315 700 700
0 0 56
0 700 581
700 392 700
0 700 161
700 0 476
0 315 700
0 28 0
0 483 0
700 238 0
49 0 700
210 700 700
0 385 700
0 700 504
301 0 700
0 0 126
700 0 140
0 0 658
0 147 0
0 567 0
63 700 0
0 364 700
385 0 700
700 546 0
0 700 567
0 0 210
0 700 385
42 700 0
700 0 679
455 700 700
0 0 462
448 700 0
0 0 294
651 0 0
700 0 427
287 0 0
378 700 0
483 700 700
0 0 0
0 0 434
567 0 0
336 700 0
700 0 49
0 413 700
0 588 700
700 700 98
644 700 700
0 700 623
0 525 0
0 0 70
0 700 672
0 469 0
700 700 91
476 0 0
700 315 700
700 637 0
700 700 168
0 553 700
700 700 203
259 700 0
378 0 0
700 0 273
700 588 0
0 378 700
